Size    |       Count
---------------------
1000    |       1000
2000    |       2000
3000    |       3000
4000    |       4000
5000    |       5000
6000    |       6000
7000    |       7000
8000    |       8000
9000    |       9000
10000   |       9999.95
11000   |       11000
12000   |       12000
13000   |       12999.95
14000   |       13999.95
15000   |       14999.95
16000   |       15999.95
17000   |       17000
18000   |       18000
19000   |       19000
20000   |       19999.95